5618466
8826604
22254769
20996246
19579689
17030357
14569678
2228945
3226527
4809222
1100659
1845206
5254795
5255933
4055618
4576842
3582434
2338013
798146
976677
2082018
2809135
4611469
1631190
1501572
1175187
2114411
1417750
1637901
1860825
2044174
2798821
4506015
577241
3038380
2596228
1272696
1363175
1713819
1821336
2546637
3142251
865418
1337182
1097769
1308122
1614221
1796658
2062212
2336306
2518675
3392877
957802
1567992
1167456
1244365
1796529
1898134
1928773
2389436
2315119
2792244
3667232
509008
2255434
1028544
1260005
1527184
1884901
2101432
1406098
2190028
5444961
5024252
4947237
1884006
4379680
705530
983356
1273839
1611240
2411250
5477864
5369697
4901188
1094153
4280460
725013
1000470
1328934
1519850
2152807
5534764
5368896
3764453
4781984
1979998
1213337
892192
1367049
277610
700887
1300957
2537351
2557983
2626968
2731506
2847176
3023804
9356
310402
138902
317774
26123
598700
562308
568956
607003
489658
761916
277045
312570
314313
1
75463
582652
615866
642334
262431
144236
181798
192836
264535
560182
1
636880
596922
598369
64669
493840
260089
433614
312505
1
579088
515487
162108
472589
359135
140369
83505
122204
296628
582501
616834
594542
630508
1
682983
86736
61040
451447
289073
611036
603616
617194
661384
653819
644894
67
172147
393877
293506
623475
606134
1
438776
721554
497928
73929
106713
181574
296826
610660
1
664481
475447
639330
678952
257906
89940
320438
324483
625680
585673
645588
684505
14702
605910
43182
22115053
3018305
1708413
1391508
1596319
3482262
4623655
15534897
14078182
12995520
5428510
800437
504554
448743
1238954
524035
1267281
2186185
3419361
3075530
4967282
686342
722544
3432477
3381300
3743510
2883307
3469571
3224494
3036091
5018608
751959
905509
4236548
2097558
2394334
3546138
3530329
3242627
2952901
5188797
739256
4197927
3850586
4261873
3914531
3747528
3473578
3299956
3003996
5135820
681174
4088211
3522580
3974198
4100448
3616296
3577568
3280275
3074317
5212428
777411
1756019
4369050
2979124
4018831
3884070
3605070
3343261
3082107
5427275
824945
252812
413265
465282
2909835
701742
3653964
3564669
3141896
5415299
775919
341664
341033
481641
3562580
948211
3718209
3472475
3132823
5527095
850730
276787
308726
1534649
391110
2626731
3521966
3511984
3199016
2493418
8849215
0
0
0
1
0
1
0
2457213
529961
2213013
2
480673
29980
103553
102460
99429
257222
92103
542348
2008817
0
486439
403339
61183
120429
108353
421522
529457
567808
2177742
1
0
505002
52581
35790
43670
523733
235247
618892
1956525
0
479841
27064
126921
434013
260416
357394
642415
588980
2268067
1
12
6
1
8108
580784
72496
603594
678982
1914530
1
11429
0
2353
1
1
1
632384
530661
2006618
0
1
0
489775
208429
51372
232330
652399
619925
2300787
0
0
500068
44054
174151
41674
90992
446472
736860
2094763
6651
0
0
4997
1
580722
148088
603354
0.424154564608929
0.890984346867679
-0.604963502429511
-0.609685845746067
-0.603654072339912
-0.60316275225467
-0.599824374979356
-0.519364542418065
-0.213772579618892
-0.0323073045910547
0.119528391627198
0.543715444237696
-0.831946631600289
-0.813684839589803
-0.837097083601023
-0.800227318312525
-0.825764829163665
-0.766889234576526
-0.506805772377498
-0.29868216411363
0.626879306518975
0.867272309803541
-0.318825736441002
-0.360025502853745
-0.316131361000351
-0.437975403063518
-0.417841658977357
-0.152913419150057
0.00189388735949424
0.384375209920325
0.654011840479337
0.900152242676532
-0.260306057569695
-0.293716142824227
-0.300029621048046
-0.366760546454325
-0.318594542608754
-0.0290322225686362
0.0836914516643791
0.333320156193043
0.647638827206285
0.887468569506392
-0.311375543379038
-0.308130082516826
-0.327984302708501
-0.301065191167188
-0.264731409144085
-0.161362930507655
0.100542039324766
0.401080166724738
0.640661061867849
0.891877895956706
-0.163983787881002
-0.265058750299761
-0.100815790916314
-0.0954583261342108
-0.228180563742651
-0.0540620419843902
0.214962569467757
0.456027280077789
0.762451087827482
0.910424017385256
-0.213595431104445
-0.185604155533901
-0.195952530643769
-0.171660133159104
-0.156914456688662
-0.0241319971922187
0.294192639295106
0.571530270786748
0.790336093216846
0.923543899895367
-0.508519895734801
-0.476086788640312
-0.495005393919957
-0.415288486342399
-0.461967084353197
-0.196268053803533
0.444775849234653
0.707908142237789
0.788176807924315
0.943098392949709
-0.572768509769509
-0.573005329723492
-0.546795593231636
-0.408994902906631
-0.542366007391674
-0.528620866108601
0.0550031485201965
0.608451586008035
0.733965851893266
0.941431814370698
-0.562686683659928
-0.543429412676313
-0.616602465218745
-0.613499334167558
-0.542748022977771
-0.484299910082706
-0.217694173451455
0.216121733749117
0.304300997802669
0.900233561187478
-0.5787608660394
-0.588410905704436
-0.596116158707848
-0.594264566603034
-0.599146404950174
-0.457009682576704
-0.261323154543073
1.48572289453835E-15
-0.114925161564686
0.595232610041607
-0.736768898651247
-0.0709336599931093
-0.796776348755653
-0.892226324363164
-0.975945415814227
-0.76592866921583
-0.591067643130504
-0.250570929078794
0.542821563283948
0.849297757302376
-0.307836456016772
1
0.186038190901501
-0.428176681792919
-0.402710979336401
-0.190720092662078
-0.0792208237593881
0.226697911755733
0.405433503118852
0.952980771225297
-0.440300905362237
-0.311670135777307
1
-0.232395427710091
-0.360043690800476
0.0920819761718927
0.514017535449753
0.436293131378594
0.528069237837808
0.926107090638204
-0.375152397561637
1
-0.262547315779288
-0.375957104640863
-0.0137932736200555
-0.0572357799271673
0.274470602976593
0.46203221509023
0.720292198071962
0.906574252888614
-0.244555470151167
-0.246552366433708
-0.0597567578959605
-0.182648156059629
-0.124572566882579
1
0.115286910508754
0.531509407858334
0.612499999999996
0.877323362432381
-0.164646992282226
-0.126539189180344
-0.10918862323066
-0.100892101997101
-0.137550953757575
0.0885260293751062
0.216658861766432
1
0.778166334586124
0.950093557125708
-0.368455840766457
-0.419595011828858
-0.546186156856412
1
-0.397733695553088
-0.120829487467326
0.273027425651898
0.726737816012651
0.693373815748784
0.938746736867613
-0.495515891465033
-0.490443127108385
1
-0.662106215226653
-0.507877849686714
-0.395337306242473
-0.0166094215791399
0.332846075702005
0.955392483878141
0.897312428613334
-0.482912818237004
-0.574894514767939
-0.66221082412882
-0.566739158720431
-0.559763624809183
0.200652972384709
-0.454402469013544
0.141725719049601
-0.852830874969914
-1
-0.542384657574018
-0.4864945081164
-0.54311324992061
-0.537687572043646
-0.571297166419212
-0.6180883593886
-0.681142138949587
-0.752721476324236
-0.8976873948837
-1
-0.739149823408405
-0.60284617253084
-0.837326486697657
-0.621998530632481
-0.805933332859859
-0.767350887504965
-0.744155998737734
-0.811174984474325
-0.836499518247607
-1
-0.318509322615656
-0.372873875047089
-0.42249460266762
-0.470239427702868
-0.470412273129421
-0.585204914382748
-0.651814517254467
-0.743635813287551
-0.87240067365288
-1
-0.147995215950365
-0.327756229836173
-0.240318503707645
-0.449162481090777
-0.49443817471288
-0.547792287914271
-0.645988576546125
-0.75584450680872
-0.871976876335698
-1
-0.316705602550949
-0.321075805085267
-0.423102002335573
-0.476994817514553
-0.468613710157763
-0.549966921715875
-0.579605606862624
-0.720265939102407
-0.852721668594314
-1
-0.199238737922288
-0.296455438911248
-0.31583353421245
-0.431948899242216
-0.495338600601289
-0.495286742278588
-0.612102948685741
-0.712496791970459
-0.884640325007902
-1
-0.175424070012913
-0.226122612467236
-0.335583211709193
-0.366205247247297
-0.428180491082784
-0.531093987079301
-0.651111893447735
-0.766607064582732
-0.834132967280967
-1
-0.343282755565403
-0.354849793715893
-0.373341328484652
-0.451620796368163
-0.344375853233818
-0.504888116029626
-0.59918831173382
-0.708625301410342
-0.857186094433635
-1
-0.151341669008148
-0.0970199364870845
-0.364015937181421
-0.487972199922569
-0.523146219565023
-0.544762007730036
-0.589227856212052
-0.70545989990496
-0.870245762014231
-1
-0.380632038354407
-0.389018093714169
-0.563289716410731
-0.353846743882787
-0.595683379836007
-0.577246344797158
-0.604370919685294
-0.732060421079513
-0.0261660900819682
0.0941268801808974
0
0
0
0
0
1
0
-0.192577932804364
-0.187359069818347
-0.161031137187175
0
-0.318232977512786
-0.773949299533018
-0.528521626606655
-0.975600234237758
-0.674632149574064
-0.48445700601037
-0.226941576278731
0.293038786904348
0.197013466134543
0
0.030780837885121
-0.0665891470946264
0.246342938397923
-0.211394265500836
0.0106503742397533
-0.0876466708736466
-0.000715827725384471
0.260248182484228
0.272078602515796
1
0
0.191143797450309
0.334702649245925
-0.036658284436994
0.65266773528738
0.0611475694676482
0.119393658580129
0.173093205276531
0.159940200099665
0
0.133508808126024
0.874593556015371
-0.268497726932499
0.0222297488784894
-0.00181632464979102
0.0192868374958731
0.201569079177786
0.29300315800198
0.352522654754016
1
0.166666666666667
1
1
0.194129255056734
0.0610967244276754
0.224674464798059
0.244816880220807
0.203961224303443
0.362621113275845
1
0.0937964826319003
0
0.0514237144071393
1
1
1
0.147122634348752
0.223180147024186
0.297805561397333
0
1
0
-0.035779694757798
-0.144600799312954
-0.034454566690026
0.307906856626342
0.360766953965292
0.225869258378032
0.31954674639589
0
0
-0.0481454522184992
0.267626095246743
0.0291298930238695
-0.0661323607045162
-0.0614669421487607
0.219005895106532
-0.00361669788019317
0.154267093699865
0.113516764396331
0
0
-0.563538122873724
1
-0.248748971108379
-0.255334665874346
-0.00847263795384021