3780046
704949
3579702
3464380
3251001
3117834
2961814
2736261
2529602
2386102
954226
186284
881484
844357
807293
778495
747532
672342
658825
581885
947315
178593
881054
840533
822546
771764
733148
681124
626721
574862
947392
178839
884025
786018
803484
768866
720458
676461
624488
573139
942264
175730
881148
839026
800801
762742
740083
676399
621282
569627
941644
176297
881892
837723
799788
761985
723889
679422
624935
572484
944281
175333
872828
835556
806970
756727
716855
670379
623856
574408
954028
196701
887808
806133
808030
786758
723921
690002
634805
581524
960314
191532
878153
815300
823243
766285
720665
683040
638484
584333
955210
188433
838224
848227
775967
793658
749920
683850
641973
601526
588912
1759806
146540
45674
342298
255659
200494
388919
464455
190034
153297
446394
30583
63723
81564
50922
11746
12973
31840
148657
144814
434553
29080
76267
10573
59781
50210
90755
124883
132367
129755
424171
3988
87052
76513
69077
96973
102593
123512
127515
137213
426838
35775
74169
83146
87487
20166
91559
124957
131435
134350
424458
27658
69956
87262
91868
76352
88064
112780
114462
129156
423490
40275
72469
54874
90649
95498
114898
114079
112279
146722
391425
4668
37268
66737
5863
90086
93721
129052
140398
116097
413328
36095
5151
5445
76371
104890
102565
119447
132035
152490
441788
34150
68678
48730
5610
7430
116422
118748
78934
199579
37098
190346
184048
172881
166244
157870
143988
133226
125943
50182
9886
67841
63721
61106
59161
56313
79934
39767
31029
49914
9361
57004
53338
50069
46360
43281
36446
32778
29900
49802
9548
47745
90279
44540
41275
38556
35982
32741
30288
49719
9283
47966
46235
44588
41755
39777
35766
32362
30151
49482
9189
47133
44909
43079
40140
38990
35950
32798
29860
49879
9265
52949
44733
42964
40345
38079
35500
32920
30261
50109
10356
63057
100615
56099
53210
49275
36352
33592
30607
50863
9982
63238
101065
56108
51798
49081
42524
33637
30934
50186
9872
107185
59531
100883
54919
51667
43720
33919
31704
38359
92529
53531
358540
89262
197789
284250
133606
85718
387402
10418
23477
19358
37843
22435
58942
107023
117717
113022
9420
7662
23043
20515
25931
92887
54478
72864
41527
14890
13794
11145
22090
46138
17229
28735
41989
21090
21260
6695
6762
7089
22690
14488
26886
19563
21074
94302
33835
7158
6804
7072
22625
22051
31939
17508
17695
37999
33209
15511
20554
10703
22230
9669
28410
48514
19960
20550
6737
12374
19807
7798
68564
45152
66184
41639
110120
37982
41435
12996
7906
36311
48131
14048
96308
103337
43939
22643
30676
20828
14856
7987
23271
16196
32720
55400
106454
115752
21094
23617
70567
0.468658082257764
0.86847003112152
-0.593508001518038
-0.549766024794405
-0.521120763069985
-0.595245702759543
-0.602177045401182
-0.463657061355815
-0.193489341665845
-0.0668768101864412
0.111081335856653
0.674942215757516
-0.833194376998183
-0.791376915081295
-0.762828666009867
-0.801320568931134
-0.813336975482319
-0.629320942047554
-0.462850280639978
-0.0630116505802369
0.626179851169234
0.915850279273895
-0.342021251136473
-0.159442541463052
-0.280716704844526
-0.246913782635166
-0.302064944631389
-0.0873188446427304
0.046388427335846
0.36535514088355
0.62989956786896
0.898448219768845
-0.206677006086304
-0.160383172821482
-0.15007166163769
-0.276264658270786
-0.295678252996582
-0.116856005753202
0.171713365485788
0.419310637221266
0.610557477599931
0.897941904102605
0.0317789247485246
-0.140031975874647
-0.34245367065411
-0.148219295838706
-0.168663071762837
-0.116322835855254
0.195021336281427
0.441242608273304
0.683260084661641
0.915826259521733
-0.160912954766809
-0.233649689333738
-0.167561713760469
-0.147889703312398
-0.123910075517791
-0.104150998423382
0.358802297427984
0.426155357604175
0.745918569161632
0.890908245708503
-0.0844483817400501
-0.116943753300687
-0.0346899953474342
-0.168403792842897
-0.376416848967657
0.0343566331813787
0.211504765854637
0.50915193261323
0.790949538476789
0.90876351279965
-0.506265216892982
-0.406946308535253
-0.497365205511365
-0.509853249920226
-0.407230550994624
0.00828043654140766
0.369886799830272
0.613477401052331
0.804775238699891
0.905876688323704
-0.478003266122034
-0.43171913520031
-0.550894709105547
-0.426839562124558
-0.571638800637334
-0.462057737518803
0.0454189422215889
0.622050706844183
0.806198997391922
0.951826427708018
-0.532040595811463
-0.470789567045557
-0.507091821698983
-0.615204777563784
-0.474627104745942
-0.464842019105164
-0.230850535008782
0.373410593566473
0.517236788072908
0.88054596853625
-0.485658060666526
-0.644159539081638
-0.617296100844881
-0.624826481423928
-0.625519490420134
-0.490614747521363
-0.199790519447052
-0.0146405015013859
0.100608346273704
0.706200090334095
-0.805347003805595
-0.798751493681298
-0.758666950052621
-0.747735004325404
-0.792277713529179
-0.561284603566742
-0.423570009601633
-0.0814868887117118
0.632209140377569
0.932867921190269
-0.426731521084984
-0.337495207239404
-0.175954044844294
-0.297971184738163
-0.349082319636132
-0.137953638281077
0.102221301129124
0.441572250369177
0.597964150209868
0.879092031883077
-0.344885077946632
-0.343833063988671
-0.269370116486732
-0.160050284841161
-0.0845675832363846
-0.127242334128248
0.171307933665059
0.413879416804755
0.675415905554697
0.875470437078679
-0.141197198418992
-0.239930318800285
-0.187732985395905
-0.29276760425503
-0.111661008604789
-0.147980114954405
0.23241950003049
0.473699177914217
0.71167568693266
0.861052116128688
-0.241719703227433
-0.185850619444043
-0.0717508469178528
-0.267596339926777
-0.103406400318162
-0.00214334392868787
0.314576584468063
0.416637393335119
0.747049707599288
0.88363540691
-0.129446366112714
-0.145050762209577
0.0638404999137205
-0.116576244175442
-0.198080411140418
0.00844155428403705
0.266762144486321
0.595463013216338
0.702100540325533
0.907768403241831
-0.394845964552708
-0.558739329982672
-0.579186177547188
-0.506074630429799
-0.444217367559752
-0.0393596263108256
0.283210260985256
0.596643337020687
0.779743405010105
0.958030537082117
-0.535022718343107
-0.520141991509197
-0.456110474092752
-0.466127797931064
-0.552312849229178
-0.450809976711373
0.0488301530403174
0.644392471371367
0.765861808901564
0.949943538920815
-0.525033563960845
-0.638071710466539
-0.562656004022988
-0.520205396667775
-0.425842256165119
-0.508383776897385
-0.190617356901416
0.376916047039599
-0.9987340939383
-0.999999999999994
-0.88659533922739
-0.971722164611581
-0.970342691404961
-1.00726727210982
-0.976510300197819
-1.04407042619942
-1.05043137617261
-0.988112055550432
-0.996281244844333
-0.999999999999994
-0.86107412165788
-0.918199474414761
-0.927326734217521
-1.07917783950875
-1.00775858892499
-1.02485323086709
-1.00701958839412
-0.98308813302921
-0.997902582852335
-0.999999999999994
-1.07633686151774
-1.08727931664389
-0.975512481207586
-0.932790283654108
-1.01543863672374
-1.03750786529739
-1.0313935552392
-1.01511036622928
-1.00541418158729
-0.999999999999994
-1.01436452978425
-1.05021466321132
-0.984940616000519
-0.967616341220373
-1.00461673213593
-0.985930596963216
-1.00974835885133
-1.03291368932841
-0.991647717715244
-0.999999999999994
-0.864681678573217
-0.994824651234732
-0.945442411433399
-0.947464549908337
-0.998277299403173
-0.988958904643599
-0.978968424814695
-1.00940305540479
-1.00271005527281
-0.999999999999994
-1.00926712603119
-1.13701010411433
-0.932693877097837
-0.874292079205254
-1.00777610078213
-1.00507650138626
-1.02798292865417
-1.00539108771342
-0.998274238274322
-0.999999999999994
-1.11250562752658
-1.09181678413552
-0.94162499914119
-0.891536389118614
-0.924582434868933
-1.01075991357
-1.00379841711805
-0.981540077485621
-1.00583555580866
-0.999999999999994
-0.959696132687476
-0.874570158025669
-1.01428092273586
-0.994305490708234
-1.0752413492939
-0.976320680326093
-1.00944419854868
-1.0112287644103
-1.00163983357672
-0.999999999999994
-1.02458028403161
-0.996876532616564
-1.03952726348226
-0.966512590995175
-0.961733134477437
-0.93761327823895
-0.985668984664858
-1.00974310864675
-0.997296149580019
-0.999999999999994
-0.923700962165173
-1.0245994058301
-1.13931873691708
-1.03744996401105
-1.02340589263439
-1.00515950464983
-0.99819928028555
-0.988403251685244
0.0696920577336069
-1.73142057504176
-0.89148104576239
0.107051811495585
-0.193425599196098
-0.714149268879891
6.31232303434136
-0.204178331039645
-1.05452213194948
10.5702604356244
-0.245372827114213
-0.285978406377759
-0.90080120934045
-0.9316888950609
-0.96324777934095
-0.436936204534669
-0.187880620604329
2.0792879988673
-0.248044124008454
-0.587679502814002
-0.730284353323819
-0.751201640845604
-0.1783810362574
0.107083113748369
1.02980457771583
-1.01668390510415
0.645188979218309
-0.389785740500928
-0.491304648881601
0.232054798579887
1.02960331730594
-0.118806760288012
-0.270656772057622
-0.8974779806718
-1.28498755214861
-0.703083017739839
-0.815660328567472
-0.280088478258008
-0.147545556861332
-1.05855802080794
-0.42568992301745
-0.758212591307993
-0.430585236208533
-0.969135788413384
-0.339978442293874
-0.73390790694675
1.69391167225974
-0.958895851947445
-0.791411024769202
-0.24672238118865
-1.06343186499366
-0.196406615137742
-0.297822711834447
2.42771224757923
-0.412473814615338
-0.924084604347958
-1.19316017825716
-0.52814762875547
-1.0108096973852
-1.34706264074643
0.425015640718554
-0.900047299255539
-0.915097625575814
-0.496432161625968
-0.72483481224633
-1.29085166658064
-1.44006056535097
-0.918745194678305
0.204458742153356
-0.734750876782398
-0.748174353672294
-0.101648916830536
-0.264308695765128
-0.700171589096406
-0.848162327235997
1.6435404099321
-1.32328346691227
-0.271191708583356
0.244508979353269
0.00857692114137729
2.829510942997
-0.711142071287943
-0.701636987650896
1.13107306408049
1.13313033798879
-0.704368143494926
-1.06766367334006
-1.56108210762942
-0.526897352023596
0.459731744472011
-0.103450762528278
-0.703663955214399
-1.26933430275622
-1.22588757705992
-1.30135788351577
2.12299557397313
4.27133174392667
-1.17445720612573
-1.049355953686
1.59527452022355