325173
122098
12949
17269
13637
13988
258366
264533
249697
226098
85409
34854
3175
3312
3423
3514
3684
70114
63885
60446
67383
16501
3584
58496
60913
58041
55094
51129
45985
42319
66769
16092
3272
63028
60677
57584
54414
51325
45884
42364
67296
16164
4610
63148
60356
57301
54715
51437
45929
42304
62482
11578
61305
59098
56513
53283
50351
46962
40823
38034
62833
11754
60817
58923
53565
53526
50060
46689
41787
38174
85116
34368
3311
3703
3413
4438
4286
69508
63653
60723
84142
33631
3232
3255
3767
3776
19902
68691
63095
59229
86170
34902
3286
3346
3431
3687
5731
70162
66541
60789
47355
124112
646
1349
1452
1670
1818
2455
5049
45596
11064
30546
158
343
381
408
438
494
10476
10833
11022
30351
165
358
376
458
561
530
10586
10812
11267
30399
172
321
352
417
463
595
10132
10804
11213
30474
176
342
454
417
422
748
10355
10702
11216
29960
197
343
458
706
475
537
10365
10785
10901
30434
179
398
611
389
1498
1152
9926
10723
11139
30371
150
340
369
475
429
788
10315
10975
11206
30673
158
372
382
428
388
468
10489
10787
11749
30893
159
369
377
421
450
520
2081
11363
17206
6393
247383
251203
261833
269791
31701
14038
13143
11842
4536
1799
60996
62918
64716
66477
67818
3784
3382
3232
3643
861
60686
7643
3193
2986
2808
2718
2426
2232
3494
879
60828
3229
3170
3278
2903
2705
2325
2256
3589
874
60091
3369
3262
3007
2881
2729
2531
2289
3336
603
3268
3142
2962
2897
2863
2541
2255
1942
3345
654
3448
3174
5451
2750
3156
2475
2111
1990
4468
1766
61253
62667
64899
65013
67607
3663
3363
3343
4517
1727
61831
63415
64739
66693
51791
3553
3402
3153
4586
1858
62074
64125
65624
67386
66778
3710
3480
3154
2429
6544
12560
26233
28006
31061
34031
37457
38746
2458
707
1592
3172
6572
7091
7806
8677
9543
614
584
602
1545
3129
6476
7002
7738
8287
9414
570
543
553
1599
3084
6658
7083
7829
8528
9382
775
582
576
1620
3162
6517
6942
7807
8621
9194
650
567
558
1579
3146
6595
6853
7415
8568
9482
546
585
585
1581
3163
6394
6694
7860
7401
8664
809
573
592
1614
3053
6630
6893
7648
8634
9196
548
561
558
1642
3124
6494
6977
7631
8572
9637
752
573
668
1603
3178
6589
6931
7705
8719
9390
8744
586
0.43543283113911
0.888286458418647
-0.585296161865782
-0.585847472349296
-0.585246021852314
-0.583929082070345
-0.576856087875349
-0.463378860104416
-0.241496693993118
-0.0217427841024684
0.150335444742355
0.643484248579788
-0.775118110236219
-0.771135265700485
-0.769208296815659
-0.748434832100171
-0.770901194353962
-0.639644008329297
-0.380981451044844
-0.118337028091189
0.642150097205523
0.881279922428947
-0.308035714285713
-0.298481947483586
-0.29345131581107
-0.293120380420731
-0.294478527607366
-0.154041737565765
0.118712623681637
0.387839977315152
0.654405487576577
0.884849614715389
-0.264669926650367
-0.256711302912986
-0.24498574418643
-0.258474576271186
-0.250266475539382
-0.122513395031661
0.148679278179757
0.404541591917666
0.661599500713274
0.887280376144519
-0.234707158351409
-0.21527205928929
-0.213035986480219
-0.216697788869304
-0.213707392853878
-0.0804090440733313
0.174007707548607
0.416674546142208
0.673778048077855
0.895577820003454
-0.163624500448578
-0.165927780973975
-0.158494505688958
-0.167952254940602
-0.167603423963776
-0.042225629232145
0.197021287019572
0.43892306883315
0.704088615854726
0.903777437468096
-0.162832760576813
-0.153844848361421
-0.149369924390925
-0.156783619175726
-0.151378345984818
0.00702520936409007
0.277119678368868
0.495389532142298
0.774683960712436
0.922864292364994
-0.465418302627605
-0.461517688360788
-0.473776736009375
-0.464623704371339
-0.483901073261782
-0.108361627438569
0.398598652066671
0.61810187243713
0.792351025647115
0.929677975677211
-0.524752475247524
-0.515821812596008
-0.508893018316964
-0.509004237288136
-0.509195055773283
-0.383805738743062
0.108043426578969
0.594725556737402
0.757131252175932
0.939143888602371
-0.531345100426049
-0.52540346682606
-0.568638880792772
-0.545972335231894
-0.550165765136973
-0.426598443601945
-0.185930478952825
0.291171100034543
0.435159961989231
0.890212066520568
-0.532507739938081
-0.6234247590808
-0.619834710743801
-0.583233532934131
-0.575357535753576
-0.456619144602851
-0.249950485244602
-0.0228967453285376
0.149584237165582
0.642964708963531
-0.822784810126583
-0.819241982507289
-0.779527559055118
-0.769607843137255
-0.794520547945205
-0.641700404858299
-0.368461244749905
-0.115757407920244
0.634458356015244
0.884353069091631
-0.442424242424242
-0.29608938547486
-0.260638297872341
-0.288209606986899
-0.265597147950089
-0.0566037735849057
0.115718873984508
0.385960044395117
0.645868465430016
0.883910654955759
-0.232558139534884
-0.227414330218069
-0.244318181818182
-0.203836930455636
-0.140388768898488
-0.122689075630252
0.141038294512436
0.409385412810071
0.664318202086863
0.885935551617772
-0.25
-0.146198830409357
-0.162995594713656
-0.179856115107914
-0.270142180094787
-0.0307486631016043
0.165910188314825
0.426368903008783
0.667885164051356
0.893624833110811
-0.289340101522842
-0.177842565597668
-0.187772925764192
-0.164305949008499
-0.216842105263158
-0.0856610800744879
0.209647853352629
0.430783495595735
0.695899458765252
0.901064598803965
-0.150837988826816
-0.185929648241206
-0.106382978723404
-0.131105398457584
-0.120160213618158
0.0130208333333333
0.289441869836792
0.489695048027603
0.782565759942545
0.924730828751107
-0.386666666666666
-0.364705882352941
-0.512195121951219
-0.431578947368421
-0.51981351981352
-0.0824873096446699
0.400872515753756
0.60783599088838
0.80001784758165
0.932546539301665
-0.544303797468354
-0.376344086021505
-0.570680628272251
-0.495327102803738
-0.448453608247423
-0.314102564102564
0.107636571646487
0.593492166496712
0.744574006298408
0.938594503609234
-0.509433962264151
-0.598915989159892
-0.480106100795756
-0.539192399049881
-0.591111111111111
-0.444230769230769
-0.162421912542047
0.297456657572823
-0.86341973730094
-1
-0.444808252790213
-0.481522911748665
-0.520579911623059
-0.551886460259972
-0.587773256364155
-0.632283801111267
-0.69390550102716
-0.753757811180541
-0.875881834215167
-1
-0.537461472883478
-0.567389300359192
-0.601026021385743
-0.625509574740138
-0.659529918310773
-0.675739957716701
-0.722649319929036
-0.801670792079207
-0.883063409278067
-1
-0.281860725702797
-0.331676043438441
-0.366739743188224
-0.435030140656396
-0.478632478632479
-0.557395143487858
-0.639323990107172
-0.725806451612904
-0.861476817401258
-1
-0.260324192805946
-0.330752554970579
-0.350473186119874
-0.460036607687615
-0.464002755769894
-0.548983364140481
-0.64516129032258
-0.732269503546099
-0.875731401504598
-1
-0.23253066182956
-0.272484416740873
-0.371244635193134
-0.394413036248754
-0.468934397778549
-0.543056064492489
-0.65073093638878
-0.735692442114461
-0.85251798561151
-1
-0.211750305997552
-0.293761935073202
-0.357866306549629
-0.380048325854332
-0.464198393293748
-0.545060999606455
-0.610199556541021
-0.719876416065912
-0.869955156950671
-1
-0.192285382830627
-0.273787019533711
-0.31095211887727
-0.385818181818182
-0.454372623574145
-0.516767676767676
-0.620558976788253
-0.753266331658292
-0.844897045658013
-1
-0.253228413302204
-0.299679257025227
-0.350745003775096
-0.398289572854656
-0.438519679914806
-0.512421512421512
-0.621766280107049
-0.710738857313789
-0.858977197254816
-1
-0.306609952936229
-0.346164156745249
-0.397472929764126
-0.439386442355267
-0.479465544206522
-0.522656909653815
-0.613462669018225
-0.723755153821757
-0.85281290885303
-1
-0.370493282211553
-0.411586744639379
-0.46068511520175
-0.492372302852223
-0.533049806822602
-0.57978436657682
-0.651149425287357
-0.713696892834497
-0.101687937422808
-0.00962713936430315
-0.157165605095541
-0.193191781344108
-0.215775191030493
-0.256012362770036
-0.268314184126236
-0.265984996128894
-0.230449594796882
-0.187144019528071
-0.256011315417256
-0.101758793969849
-0.324401008827238
-0.339013998782714
-0.358482583556621
-0.379836023571612
-0.394606430794053
-0.4118201823326
-0.403908794788274
-0.398972602739726
0.156146179401993
0.202588996763754
0.0562480025567274
0.028875849289685
-0.000999714367323618
-0.018609459808736
-0.0433208640038616
-0.00594858721053749
0.0508771929824561
0.0883977900552487
0.164556962025316
0.200125078173859
0.0826848249027237
0.0618804445779513
0.0458845122123393
0.00242687444118025
-0.0141885553470919
0.0320827115753571
0.0645161290322581
0.0945017182130585
0.206597222222222
0.238888888888889
0.136306135357369
0.0807119840417372
0.0783635839815618
0.0275393877289612
0.0208792483470593
0.0474222318903633
0.0738461538461538
0.0776014109347443
0.198924731182796
0.248258391386954
0.12269548633185
0.109173616376042
0.10141543849409
0.0535401213755902
0.0624416433239965
0.0756169584475848
0.117216117216117
0.082051282051282
0.242735042735043
0.289690069576217
0.158710085361998
0.141069752893338
0.129220197191515
0.107506361323155
0.0875557357113902
0.106648199445983
0.133498145859085
0.254799301919721
0.184121621621622
0.218711276332094
0.130363576809695
0.0647058823529409
0.0487451037284202
0.0156903765690376
-0.0257123002084781
0.0343627664201826
0.122262773722628
0.171122994652406
0.154121863799283
0.167478684531059
0.0393725992317542
0.022944256236526
-0.0240791170990396
-0.0446861486043769
-0.0953103126458239
-0.105323233371381
-0.0119680851063831
0.0977312390924957
-0.0209580838323353
0.133499688084841
-0.0147891755821271
-0.0720898467142206
-0.0989756167941137
-0.147826086956522
-0.19463241197385
-0.185623003194888
-0.129117108874656
-0.0170648464163822