13619860
5243895
542778
581828
719299
1510462
6359477
11130465
10566060
9599097
3553633
1460042
134265
138641
142073
147182
154009
2641424
2791615
2554795
2783235
691265
406754
2044496
2410471
2385741
2279195
2145313
1919627
1766147
2717801
622302
982303
2276817
2401035
2327183
2213930
2076250
1851820
1697545
2646034
551520
1746660
2355190
2366053
2267490
2140562
2006025
1781829
1627835
2604204
510603
2231171
2373587
2332689
2226672
2101961
1965239
1740586
1586122
2606495
513598
2159704
2388944
2333565
2227204
2105335
1965731
1732496
1588923
3460528
1369589
133256
144650
176534
273528
689560
2809004
2575939
2441172
3464973
1371994
133522
144241
172413
255760
722814
2807188
2585075
2442101
3461983
1367070
134928
145567
171595
288175
895427
2831914
2694535
2440558
1968520
5149854
27419
57030
60583
67164
74402
82938
100988
1648957
494884
1288301
6796
14396
15029
16713
18708
20293
23493
398496
463329
1254849
6663
14010
15119
16738
18659
20996
373343
446958
461953
1255052
6932
14113
15271
16915
18485
20995
376800
447539
460730
1255517
6778
14097
15343
17052
18912
21486
387303
446692
460834
1257026
6830
14223
15124
16902
18610
21485
382357
445589
460055
1252132
6783
14201
15269
16924
18698
22828
425843
444826
457932
1253386
6675
14248
15181
16974
18402
21012
429717
443006
460104
1253561
6724
14219
15395
16978
18617
20449
404704
444339
488365
1283052
6715
14376
15039
16612
18527
20789
23686
472709
715768
276745
10200138
10481119
10669138
10172640
5547416
603730
556711
505356
186874
76499
2552640
2632233
2705412
2777886
2845695
427288
146454
133970
146002
36265
2244411
668089
230190
144283
122243
112986
101200
92434
142497
32740
1668666
389941
175948
128984
116439
109325
98013
89237
139502
29098
908248
251582
142230
120280
113048
105862
93314
85770
137190
26725
423242
196249
131818
117747
110610
102830
91587
83144
137320
26957
487902
180006
130924
117960
110429
103373
90897
83374
182268
72410
2515303
2583972
2628308
2604904
2245358
147727
135875
128237
182261
71925
2517330
2586190
2636774
2625373
2213771
153460
136071
127814
181848
71948
2545424
2615404
2667505
2626635
2081136
155443
142271
128506
103614
270145
517922
1073362
1155333
1277818
1411333
1559135
1706250
341463
26175
68512
129690
268028
288708
319976
353816
390297
429215
99453
24262
65902
129659
268962
288906
319964
353471
388938
78796
23630
24264
66035
129329
270023
288394
319055
354009
389973
75554
23554
24270
66218
129305
269081
288535
320506
353765
387574
63735
23513
24324
65669
129771
269600
287744
319145
353167
388311
70228
24042
24357
65340
129767
268546
288963
319854
352846
387201
26507
23279
24207
65808
130230
268755
288959
319679
353934
389470
22538
23389
23857
66486
129829
268831
287252
319704
352576
388934
46728
23504
25860
67466
129338
268973
288187
319300
353036
387955
429526
24943
0.436018827253727
0.909193194160516
-0.562019112185733
-0.577796768234106
-0.561728987765988
-0.578911443816595
-0.572552412570146
-0.468907380578024
-0.246977969174669
0.000167857052326055
0.130404930467941
0.631881928203536
-0.771009420752819
-0.762143551442833
-0.775373333850174
-0.746767399932122
-0.754366726871183
-0.630935795427685
-0.342496909005313
-0.146421077477813
0.599338708992785
0.878936896720654
-0.348880463142052
-0.252111141200025
-0.256684704325353
-0.297600971568587
-0.300742838078963
-0.167463905284687
0.127207330497719
0.378169174648443
0.66882335231041
0.899111001878327
-0.307709870581105
-0.240869016767349
-0.289031162272658
-0.245853991651029
-0.253679466195511
-0.126740008084158
0.158438360220184
0.428519696511253
0.669570591370522
0.88968451461771
-0.21390053884566
-0.221269093162002
-0.212834202703
-0.22207040870944
-0.231327983600681
-0.0676180343352385
0.17945786896784
0.427155568858382
0.654864730153819
0.89730423134626
-0.12818043611293
-0.200453959520395
-0.16832996079144
-0.209196496734732
-0.147040585588326
-0.0314793374873067
0.199969093269935
0.435351966002677
0.691889442586416
0.904520355322423
-0.124564598677645
-0.17153448572427
-0.18371006994018
-0.148939806670574
-0.193998311624824
-0.00531947260411941
0.324309361553942
0.49911256490272
0.782885473124655
0.922055486386479
-0.488998151198607
-0.493377958590284
-0.502100867090576
-0.485218192592581
-0.487728951833951
-0.0787793190360539
0.406224046005826
0.636938886552531
0.777184378793346
0.935037512158935
-0.480633526858352
-0.480739147941365
-0.495076951273882
-0.515400023709602
-0.533107658287881
-0.357310234558603
0.105628302456693
0.570438191829137
0.754033579618996
0.943556874206733
-0.518413439222237
-0.566099438351159
-0.54033420921144
-0.540187555502399
-0.571889923573649
-0.418857052460526
-0.136386689308073
0.280202105094194
0.435935574692011
0.881558389378284
-0.57993091928832
-0.572025730968576
-0.598116334040409
-0.567556534299897
-0.578748374675295
-0.474730643370933
-0.227979812219597
-0.0186324596604715
0.126208082383655
0.625171662367813
-0.775027839775047
-0.747971794309049
-0.781477962496765
-0.752055927626315
-0.737622981716288
-0.601770344788829
-0.355909939405196
-0.118001346920558
0.680206261372246
0.889373982349419
-0.263176228875122
-0.287945793768381
-0.323987996341447
-0.317733193327925
-0.281423822277958
-0.147278067160004
0.116838012053254
0.374804026209102
0.649903355105297
0.892050432840828
-0.274985041589688
-0.228688512537113
-0.235192401812646
-0.256358948298305
-0.256319462171272
-0.0840889683100683
0.194263681744868
0.385716453578763
0.669875773652851
0.889179106849776
-0.213804249946856
-0.190627286200902
-0.177871134090312
-0.218634686056338
-0.227115795546208
-0.0669789392929128
0.17822532346855
0.433247063327165
0.677506417797464
0.899040750424964
-0.128063980179011
-0.131790994053713
-0.186274932691566
-0.145860785335571
-0.187614325412935
-0.0667351424532178
0.177600884267301
0.458411874080783
0.697490348157286
0.904470403416883
-0.196408616954564
-0.132578771258729
-0.149226141651069
-0.148648155644194
-0.143338795145112
-0.00561891047919231
0.326746176120913
0.48089428685289
0.773944122263565
0.927529943084478
-0.486840751347129
-0.464047268069368
-0.480140401060388
-0.483842340538914
-0.475603701147663
-0.117637483871812
0.411578479549924
0.610161949516907
0.80564030683512
0.923234879707006
-0.514001424882878
-0.480524349838637
-0.523425773888393
-0.468152800624171
-0.469366059167801
-0.36520375089792
0.0802348647140153
0.572965887053539
0.732631030861509
0.933424673112034
-0.523506409206931
-0.531133796858588
-0.532238926844855
-0.554067746894868
-0.552359330304029
-0.427309530454384
-0.172281203606051
0.304839113105513
-0.887081234519049
-0.999999999999994
-0.4353576114784
-0.447912749126132
-0.513627843171952
-0.553958070912989
-0.604094711242145
-0.658081613233176
-0.691160646629357
-0.753064864609756
-0.884571162178432
-0.999999999999994
-0.520782840293539
-0.529457822638406
-0.578014908010661
-0.615795038543538
-0.651293550341364
-0.699559833119533
-0.731117135547659
-0.807999594599749
-0.878099697551845
-0.999999999999994
-0.266495702928912
-0.347810138116156
-0.397984566712531
-0.451038860579753
-0.491045684385712
-0.565410464538724
-0.651112615282754
-0.749980360360318
-0.871279449907279
-0.999999999999994
-0.283446660053175
-0.332060607753059
-0.381705160451689
-0.439901242808102
-0.500115318432756
-0.554632969511983
-0.658543817600442
-0.757053457153063
-0.859101102213649
-0.999999999999994
-0.262329152442608
-0.318308721396861
-0.369876348456544
-0.399427134651636
-0.491499089367213
-0.573184494987909
-0.647099784532801
-0.776225539180219
-0.867769551418236
-0.999999999999994
-0.221976691406078
-0.281887216133116
-0.373884360545016
-0.415990598126397
-0.504847467946604
-0.571007510531898
-0.634385113762646
-0.758776308194801
-0.849153030320914
-0.999999999999994
-0.231168305149666
-0.290052583832582
-0.317409780945418
-0.425628132948217
-0.472572187400422
-0.562214687272748
-0.652738630478483
-0.738036039201827
-0.860079126141395
-0.999999999999994
-0.241489157684476
-0.327838443996806
-0.364570505595604
-0.385259864344529
-0.470333901453782
-0.538240707201405
-0.61675585381619
-0.758751879658217
-0.850656143944166
-0.999999999999994
-0.317337514099544
-0.374318777230577
-0.380481103665004
-0.458133434180291
-0.497742495472105
-0.562529549226273
-0.639133613771105
-0.743994635346855
-0.861126779301794
-0.999999999999994
-0.366370184558592
-0.412977553815111
-0.470133355748867
-0.47863171408398
-0.534725346764436
-0.581041479898185
-0.621499367710133
-0.76324998006483
-0.0863603045957985
0.0016300653225754
-0.141205879074992
-0.157658231958622
-0.178486469897792
-0.20907217392726
-0.255644418388419
-0.23667478638996
-0.194922893445596
-0.15705185308476
-0.218927100240635
-0.135897172631407
-0.246499513877565
-0.271829414279786
-0.296803564332916
-0.33057960873319
-0.346654838666077
-0.35584652890942
-0.317263206462966
-0.263474597462849
0.125620585275882
0.174271111533879
0.0524404672219536
0.0348794442427586
0.011525769971191
-0.00801859319098179
-0.0287292894967837
0.00136840105969751
0.0326874425689172
0.0858884965289154
0.151265048512907
0.203886433398696
0.0632558115037946
0.0551354608389233
0.0476070440708154
0.00101463012857417
-0.0109135191463531
0.0230249952115331
0.0717297426547586
0.104935413345295
0.181914450464685
0.208965909258721
0.090739888961151
0.0630372159919239
0.059935675114842
0.0257714242946701
0.0292008737226657
0.0384256843923257
0.0884764181650672
0.127793829816845
0.192777567883831
0.239662538403624
0.12879788957521
0.102521814215792
0.0755984868189867
0.0566596972654136
0.0554329825551708
0.0638434649929105
0.104246673860086
0.156221971315185
0.233820269569264
0.262609531732136
0.140191240207284
0.116425452898774
0.11267354212907
0.102881690855036
0.0854014902361597
0.089185122144636
0.146069389916977
0.186140922829495
0.169525615945896
0.228274488235378
0.107510691349124
0.0546346559576533
0.033688439637588
0.00372525788928678
-0.0398341748289281
0.0211486152992095
0.119702532261113
0.13606563918452
0.131608456578695
0.13836158272675
0.0596519646737173
0.012013089287667
-0.00492784618373833
-0.0548741493336591
-0.0870369388488941
-0.103293841760457
0.0081843993680654
0.101597528651796
0.0589415150506446
0.087051608119469
-0.0284186975460528
-0.064821626420855
-0.0875313246745877
-0.125141447825744
-0.139862778986078
-0.148244413051115
-0.117807248240284
-0.0407706954576727